1057,1
1057,0
1056,4
1056,3
1056,2
1056,1
1056,0
1055,5
1055,4
1055,3
1055,2
1055,1
1055,0
1054,10
1054,9
1054,8
1054,7
1054,6
1054,5
1054,4
1054,3
1054,2
1054,1
1054,0
1053,7
1053,6
1053,5
1053,4
1053,3
1053,2
1053,1
1053,0
1052,5
1052,4
1052,3
1052,2
1052,1
1052,0
1051,7
1051,6
1051,5
1051,4
1051,3
1051,2
1051,1
1051,0
1050,10
1050,9
1050,8
1050,7
1050,6
1050,5
1050,4
1050,3
1050,2
1050,1
1050,0
1049,8
1049,7
1049,6
1049,5
1049,4
1049,3
1049,2
1049,1
1049,0
1048,6
1048,5
1048,4
1048,3
1048,2
1048,1
1048,0
1047,10
1047,9
1047,8
1047,7
1047,6
1047,5
1047,4
1047,3
1047,2
1047,1
1047,0
1046,5
1046,4
1046,3
1046,2
1046,1
1046,0
1045,5
1045,4
1045,3
1045,2
1045,1
1045,0
14,128
14,124
14,123
14,122
14,116
14,115
14,114
14,113
14,111
14,110
14,109
14,104
14,103
14,101
14,100
14,99
14,98
14,97
14,94
14,93
14,92
14,91
14,90
14,89
14,88
14,87
14,86
14,84
14,73
14,9
14,8
0,689
0,678
0,677
0,674
0,673
0,631
0,630
0,629
0,628
0,627
0,622
0,616
0,615
0,614
0,613
0,498
0,487
0,484
0,418
0,369
0,366
0,338
18,1
18,3
14,1
14,85
14,3
13,1
13,6
13,3
2,2
2,1
2,3
0,0
1210,34
1210,33
1210,32
1210,31
1210,30
1210,29
1210,28
1210,27
1210,26
1210,25
1210,24
1210,23
1210,22
1210,21
1210,20
1210,19
1210,18
1210,17
1210,16
1210,15
1210,14
1210,13
1210,12
1210,11
1210,10
1210,9
1210,8
1210,7
1210,6
1210,5
1210,4
1210,3
1210,2
1210,0
0,306
0,485
0,359
0,358
0,468
0,9
